1562245920521595300
1562245922728301800
1562245923087928900
1562245923267660700
1562245923431988900
1562245923604330500
1562245923783583500
1562245924289093900
1562245924599737600
1562245924843878100
1562245925031897400
1562245925207636900
1562245925403841200
1562245925568457600
1562245925747990800
1562245925943946700
1562245926123691700
1562245926300390000
1562245926499085400
1562245926819292700
1562245927103454800
1562245927568127400
1562245927743142400
1562245927923037700
1562245928110917800
1562245928287783200
1562245928558830500
1562245928799734000
1562245929095848200
1562245929489382000
